0
0
0
0
0
0
0
0
0
0
0
0
0
0
0
0
0
0
0
0
0
0
0
0
0
0
0
0
0
0
0
0
0
0
0
0
0
1
0
0
0
0
0
0
0
0
0
0
0
0
0
0
0
0
0
0
0
0
0
0
0
0
0
0
0
0
0
0
0
0
0
0
0
0
-1393
104
-2018
1537
1349
8
860
1357
-1044
-709
-786
-1276
-213
-738
911
234
-528
140
1936
-929
1370
-1666
-894
1796
-1372
-1327
-517
1550
-2014
1807
-499
-1701
-521
-1678
-335
1846
-1791
-1693
1162
-997
-259
-923
310
-385
1484
-951
1408
1560
-691
-1991
133
-1055
-240
1595
-2042
1122
-575
-1972
-20
-1859
-257
1117
795
-1002
1504
-1781
-387
-1264
-1478
494
82
-1757
-1701
1547
391
-882
1986
245
1311
-782
205
-1089
586
628
362
-513
-1773
922
1320
172
-183
1766
528
-842
849
-1385
-234
-551
1408
-1878
-1294
-220
-616
1978
-619
606
-1579
-1536
-656
-647
-210
