0
0
0
0
0
0
0
0
0
0
0
0
0
0
0
0
0
0
0
0
0
0
0
0
0
0
0
0
0
0
0
0
0
0
0
0
0
1
0
0
0
0
0
0
0
0
0
0
0
0
0
0
0
0
0
0
0
0
0
0
0
0
0
0
0
0
0
0
0
0
0
0
0
0
-1879
997
-905
-668
-1649
-1356
-909
-24
1435
1007
1852
615
227
-587
-1773
-1076
-1062
-2040
-1385
-1646
1191
232
-2026
1780
770
54
1593
0
1164
120
-1296
-2001
1825
1337
-438
1807
1190
1560
-1449
776
-1907
-491
-1317
555
-1475
-1512
-482
903
-1752
-195
-300
-1959
1919
434
-905
1002
-276
1956
-1205
750
2015
-1808
-125
-103
1939
1024
2037
1694
750
-1433
1000
-1353
-745
1177
-612
-1961
-126
-1236
1869
-1649
-266
1520
856
799
1278
1339
394
1849
2028
136
864
-1973
-894
-322
1877
-323
-1006
-2005
75
1897
2013
98
-1728
-494
-234
1781
1925
-226
-2040
296
1501
